#XYE
         477   795
    1.5700001E+00  1.3470000E+01     0.0000000E+00   
    1.4299999E+00  1.3180000E+01     0.0000000E+00   
    1.4800000E+00  1.2880000E+01     0.0000000E+00   
    1.5300000E+00  1.2580000E+01     0.0000000E+00   
    1.4800000E+00  1.2280000E+01     0.0000000E+00   
    1.2700000E+00  1.2020000E+01     0.0000000E+00   
    1.0900000E+00  1.1750000E+01     0.0000000E+00   
    9.4999999E-01  1.1460000E+01     0.0000000E+00   
    7.4000001E-01  1.1200000E+01     0.0000000E+00   
    5.6000000E-01  1.0930000E+01     0.0000000E+00   
    4.4000000E-01  1.0630000E+01     0.0000000E+00   
    4.6000001E-01  1.0330000E+01     0.0000000E+00   
    5.6000000E-01  1.0030000E+01     0.0000000E+00   
    7.0999998E-01  9.7500000E+00     0.0000000E+00   
    8.7000000E-01  9.4600000E+00     0.0000000E+00   
    1.0200000E+00  9.1599998E+00     0.0000000E+00   
    1.1799999E+00  8.8900003E+00     0.0000000E+00   
    1.2900000E+00  8.5900002E+00     0.0000000E+00   
    1.4200000E+00  8.3100004E+00     0.0000000E+00   
    1.5100000E+00  8.0100002E+00     0.0000000E+00   
    1.5300000E+00  7.7100000E+00     0.0000000E+00   
    1.6799999E+00  7.4499998E+00     0.0000000E+00   
    1.9000000E+00  7.2300000E+00     0.0000000E+00   
    1.8600000E+00  6.9299998E+00     0.0000000E+00   
    2.0999999E+00  6.7399998E+00     0.0000000E+00   
    2.4000001E+00  6.5999999E+00     0.0000000E+00   
    2.7000000E+00  6.6199999E+00     0.0000000E+00   
    2.9700000E+00  6.7900000E+00     0.0000000E+00   
    3.0999999E+00  7.0900002E+00     0.0000000E+00   
    3.3199999E+00  6.9600000E+00     0.0000000E+00   
    3.2500000E+00  6.6700001E+00     0.0000000E+00   
    3.2300000E+00  6.3699999E+00     0.0000000E+00   
    3.3499999E+00  6.0799999E+00     0.0000000E+00   
    3.4300001E+00  5.7900000E+00     0.0000000E+00   
    3.4800000E+00  5.4899998E+00     0.0000000E+00   
    3.5400000E+00  5.1900001E+00     0.0000000E+00   
    3.5799999E+00  4.8899999E+00     0.0000000E+00   
    3.7000000E+00  4.6199999E+00     0.0000000E+00   
    3.7100000E+00  4.3200002E+00     0.0000000E+00   
    3.6099999E+00  4.0599999E+00     0.0000000E+00   
    3.4900000E+00  3.8099999E+00     0.0000000E+00   
    3.6199999E+00  3.5699999E+00     0.0000000E+00   
    3.6700001E+00  3.2700000E+00     0.0000000E+00   
    3.7500000E+00  2.9700000E+00     0.0000000E+00   
    3.8800001E+00  2.6800001E+00     0.0000000E+00   
    3.8099999E+00  2.3800001E+00     0.0000000E+00   
    3.7200000E+00  2.0799999E+00     0.0000000E+00   
    3.6500001E+00  1.7800000E+00     0.0000000E+00   
    3.7500000E+00  1.4900000E+00     0.0000000E+00   
    3.8900001E+00  1.1900001E+00     0.0000000E+00   
    3.8900001E+00  8.8999999E-01     0.0000000E+00   
    3.8000000E+00  5.8999997E-01     0.0000000E+00   
    3.7500000E+00  3.7000000E-01     0.0000000E+00   
    4.1500001E+00  3.7000000E-01     0.0000000E+00   
    4.5500002E+00  3.4999999E-01     0.0000000E+00   
    4.9499998E+00  3.6000001E-01     0.0000000E+00   
    5.3499999E+00  3.7000000E-01     0.0000000E+00   
    5.7500000E+00  4.1000000E-01     0.0000000E+00   
    6.1500001E+00  5.1999998E-01     0.0000000E+00   
    6.5500002E+00  6.9000000E-01     0.0000000E+00   
    6.9499998E+00  8.5000002E-01     0.0000000E+00   
    7.3499999E+00  9.8000002E-01     0.0000000E+00   
    7.7399998E+00  1.1600000E+00     0.0000000E+00   
    8.1400003E+00  1.2700000E+00     0.0000000E+00   
    8.5299997E+00  1.4400001E+00     0.0000000E+00   
    8.9300003E+00  1.6000000E+00     0.0000000E+00   
    9.3299999E+00  1.7400000E+00     0.0000000E+00   
    9.7200003E+00  1.9000000E+00     0.0000000E+00   
    1.0120000E+01  2.0500000E+00     0.0000000E+00   
    9.9799995E+00  2.4400001E+00     0.0000000E+00   
    9.8100004E+00  2.8299999E+00     0.0000000E+00   
    9.6700001E+00  3.1400001E+00     0.0000000E+00   
    9.6499996E+00  3.4400001E+00     0.0000000E+00   
    9.3800001E+00  3.5999999E+00     0.0000000E+00   
    9.3199997E+00  3.9000001E+00     0.0000000E+00   
    9.4399996E+00  4.1700001E+00     0.0000000E+00   
    9.5699997E+00  4.2300000E+00     0.0000000E+00   
    9.9099998E+00  4.2100000E+00     0.0000000E+00   
    1.0210000E+01  4.0300002E+00     0.0000000E+00   
    1.0390000E+01  4.1799998E+00     0.0000000E+00   
    1.0400000E+01  4.5799999E+00     0.0000000E+00   
    1.0420000E+01  4.9800000E+00     0.0000000E+00   
    1.0450000E+01  5.3800001E+00     0.0000000E+00   
    1.0460000E+01  5.7800002E+00     0.0000000E+00   
    1.0480000E+01  6.1799998E+00     0.0000000E+00   
    1.0180000E+01  6.4000001E+00     0.0000000E+00   
    9.7799997E+00  6.4699998E+00     0.0000000E+00   
    9.3800001E+00  6.4899998E+00     0.0000000E+00   
    9.0699997E+00  6.1700001E+00     0.0000000E+00   
    8.9499998E+00  5.9600000E+00     0.0000000E+00   
    8.7100000E+00  6.1100001E+00     0.0000000E+00   
    8.5699997E+00  6.4000001E+00     0.0000000E+00   
    8.4700003E+00  6.6999998E+00     0.0000000E+00   
    8.2100000E+00  6.9000001E+00     0.0000000E+00   
    7.9699998E+00  7.1500001E+00     0.0000000E+00   
    7.7399998E+00  7.4000001E+00     0.0000000E+00   
    7.5599999E+00  7.6799998E+00     0.0000000E+00   
    7.4400001E+00  7.9600000E+00     0.0000000E+00   
    7.2800002E+00  8.2399998E+00     0.0000000E+00   
    7.1300001E+00  8.5200005E+00     0.0000000E+00   
    6.9400001E+00  8.7900000E+00     0.0000000E+00   
    6.7100000E+00  9.0200005E+00     0.0000000E+00   
    6.5200000E+00  9.2799997E+00     0.0000000E+00   
    6.3299999E+00  9.5400000E+00     0.0000000E+00   
    6.0900002E+00  9.7299995E+00     0.0000000E+00   
    5.8499999E+00  9.9600000E+00     0.0000000E+00   
    5.6900001E+00  1.0230000E+01     0.0000000E+00   
    5.5200000E+00  1.0510000E+01     0.0000000E+00   
    5.4200001E+00  1.0810000E+01     0.0000000E+00   
    5.3299999E+00  1.1110000E+01     0.0000000E+00   
    5.2800002E+00  1.1410000E+01     0.0000000E+00   
    5.5300002E+00  1.1560000E+01     0.0000000E+00   
    5.8099999E+00  1.1720000E+01     0.0000000E+00   
    6.0000000E+00  1.1940000E+01     0.0000000E+00   
    5.8000002E+00  1.2210000E+01     0.0000000E+00   
    5.6399999E+00  1.2450000E+01     0.0000000E+00   
    5.5599999E+00  1.2620000E+01     0.0000000E+00   
    5.1599998E+00  1.2700000E+01     0.0000000E+00   
    4.7399998E+00  1.2760000E+01     0.0000000E+00   
    4.3299999E+00  1.2890000E+01     0.0000000E+00   
    3.9000001E+00  1.2990000E+01     0.0000000E+00   
    3.5000000E+00  1.3060000E+01     0.0000000E+00   
    3.0999999E+00  1.3160000E+01     0.0000000E+00   
    2.7000000E+00  1.3240000E+01     0.0000000E+00   
    2.3000000E+00  1.3300000E+01     0.0000000E+00   
    1.9000000E+00  1.3400000E+01     0.0000000E+00   
    4.0900002E+00  8.0799999E+00     0.0000000E+00   
    3.8599999E+00  8.3100004E+00     0.0000000E+00   
    3.5799999E+00  8.4899998E+00     0.0000000E+00   
    3.3199999E+00  8.6700001E+00     0.0000000E+00   
    3.0300000E+00  8.8199997E+00     0.0000000E+00   
    2.8099999E+00  9.0299997E+00     0.0000000E+00   
    2.7700000E+00  9.2200003E+00     0.0000000E+00   
    3.0699999E+00  9.2500000E+00     0.0000000E+00   
    3.3699999E+00  9.2500000E+00     0.0000000E+00   
    3.6700001E+00  9.2399998E+00     0.0000000E+00   
    3.9700000E+00  9.2500000E+00     0.0000000E+00   
    4.2399998E+00  9.1000004E+00     0.0000000E+00   
    4.4800000E+00  8.8199997E+00     0.0000000E+00   
    4.6199999E+00  8.5200005E+00     0.0000000E+00   
    4.7700000E+00  8.2399998E+00     0.0000000E+00   
    5.0300002E+00  8.0600004E+00     0.0000000E+00   
    5.3299999E+00  8.0200005E+00     0.0000000E+00   
    5.6300001E+00  7.9400001E+00     0.0000000E+00   
    5.8200002E+00  7.6599998E+00     0.0000000E+00   
    5.9600000E+00  7.3600001E+00     0.0000000E+00   
    5.9899998E+00  7.0599999E+00     0.0000000E+00   
    5.8299999E+00  6.8000002E+00     0.0000000E+00   
    5.5700002E+00  6.6199999E+00     0.0000000E+00   
    5.3099999E+00  6.4400001E+00     0.0000000E+00   
    5.0700002E+00  6.2500000E+00     0.0000000E+00   
    4.8000002E+00  6.0999999E+00     0.0000000E+00   
    4.5500002E+00  6.2300000E+00     0.0000000E+00   
    4.3800001E+00  6.5100002E+00     0.0000000E+00   
    4.2500000E+00  6.8099999E+00     0.0000000E+00   
    4.2800002E+00  7.1100001E+00     0.0000000E+00   
    4.4299998E+00  7.3899999E+00     0.0000000E+00   
    4.3600001E+00  7.6900001E+00     0.0000000E+00   
    4.1900001E+00  7.9699998E+00     0.0000000E+00   
    4.2900000E+00  6.1000001E-01     5.0000000E+00   
    4.1700001E+00  1.0100000E+00     5.0000000E+00   
    4.0599999E+00  1.4100000E+00     5.0000000E+00   
    4.0100002E+00  1.8099999E+00     5.0000000E+00   
    4.0500002E+00  2.2100000E+00     5.0000000E+00   
    4.0799999E+00  2.6099999E+00     5.0000000E+00   
    4.0400000E+00  3.0100000E+00     5.0000000E+00   
    3.8900001E+00  3.4100001E+00     5.0000000E+00   
    3.9000001E+00  3.6900001E+00     5.0000000E+00   
    4.8000002E+00  5.6000000E-01     1.0000000E+01   
    4.7500000E+00  9.5999998E-01     1.0000000E+01   
    4.7100000E+00  1.3600000E+00     1.0000000E+01   
    4.6399999E+00  1.7600000E+00     1.0000000E+01   
    4.5400000E+00  2.1600001E+00     1.0000000E+01   
    4.4299998E+00  2.5599999E+00     1.0000000E+01   
    4.3000002E+00  2.9600000E+00     1.0000000E+01   
    4.2100000E+00  3.3599999E+00     1.0000000E+01   
    4.1300001E+00  3.7600000E+00     1.0000000E+01   
    3.9900000E+00  4.1599998E+00     1.0000000E+01   
    3.9200001E+00  4.5599999E+00     1.0000000E+01   
    3.7700000E+00  4.9600000E+00     1.0000000E+01   
    3.7000000E+00  5.3600001E+00     1.0000000E+01   
    3.5599999E+00  5.7600002E+00     1.0000000E+01   
    3.5599999E+00  6.1599998E+00     1.0000000E+01   
    3.5200000E+00  6.5599999E+00     1.0000000E+01   
    3.4800000E+00  6.9600000E+00     1.0000000E+01   
    3.2000000E+00  7.2600002E+00     1.0000000E+01   
    2.8900001E+00  6.9800000E+00     1.0000000E+01   
    2.4900000E+00  6.9699998E+00     1.0000000E+01   
    2.1099999E+00  7.2500000E+00     1.0000000E+01   
    1.9100000E+00  7.6500001E+00     1.0000000E+01   
    1.7200000E+00  8.0400000E+00     1.0000000E+01   
    1.5500000E+00  8.4399996E+00     1.0000000E+01   
    1.3800000E+00  8.8400002E+00     1.0000000E+01   
    1.2400000E+00  9.2399998E+00     1.0000000E+01   
    1.0700001E+00  9.6400003E+00     1.0000000E+01   
    9.8000002E-01  1.0040000E+01     1.0000000E+01   
    1.1200000E+00  1.0440000E+01     1.0000000E+01   
    1.3099999E+00  1.0830000E+01     1.0000000E+01   
    1.4200000E+00  1.1230000E+01     1.0000000E+01   
    1.5400000E+00  1.1630000E+01     1.0000000E+01   
    1.8300000E+00  1.2010000E+01     1.0000000E+01   
    1.9800000E+00  1.2410000E+01     1.0000000E+01   
    1.9900000E+00  1.2810000E+01     1.0000000E+01   
    1.9100000E+00  1.3170000E+01     1.0000000E+01   
    6.4200001E+00  8.6000001E-01     2.0000000E+01   
    6.2399998E+00  1.2600000E+00     2.0000000E+01   
    5.9400001E+00  1.6000000E+00     2.0000000E+01   
    5.5400000E+00  1.6500000E+00     2.0000000E+01   
    5.1799998E+00  1.8300000E+00     2.0000000E+01   
    5.0300002E+00  2.2300000E+00     2.0000000E+01   
    4.9699998E+00  2.6300001E+00     2.0000000E+01   
    4.9299998E+00  3.0300000E+00     2.0000000E+01   
    4.9000001E+00  3.2200000E+00     2.0000000E+01   
    7.0000000E+00  1.2100000E+00     2.0000000E+01   
    6.9899998E+00  1.6100000E+00     2.0000000E+01   
    7.0999999E+00  2.0100000E+00     2.0000000E+01   
    7.0400000E+00  2.3099999E+00     2.0000000E+01   
    7.7300000E+00  1.4500000E+00     3.0000000E+01   
    7.6300001E+00  1.8500000E+00     3.0000000E+01   
    7.4899998E+00  2.2500000E+00     3.0000000E+01   
    7.3600001E+00  2.6500001E+00     3.0000000E+01   
    7.4000001E+00  3.0500000E+00     3.0000000E+01   
    7.3800001E+00  3.4500000E+00     3.0000000E+01   
    7.2800002E+00  3.8499999E+00     3.0000000E+01   
    7.2199998E+00  4.2500000E+00     3.0000000E+01   
    7.2100000E+00  4.6500001E+00     3.0000000E+01   
    7.1999998E+00  5.0500002E+00     3.0000000E+01   
    7.0500002E+00  5.4499998E+00     3.0000000E+01   
    6.9499998E+00  5.8499999E+00     3.0000000E+01   
    6.7500000E+00  6.2500000E+00     3.0000000E+01   
    6.6100001E+00  6.6500001E+00     3.0000000E+01   
    6.4600000E+00  7.0500002E+00     3.0000000E+01   
    6.2600002E+00  7.4499998E+00     3.0000000E+01   
    6.0000000E+00  7.8299999E+00     3.0000000E+01   
    5.6799998E+00  8.1999998E+00     3.0000000E+01   
    5.2800002E+00  8.4200001E+00     3.0000000E+01   
    5.0100002E+00  8.8100004E+00     3.0000000E+01   
    4.8499999E+00  9.2100000E+00     3.0000000E+01   
    4.5700002E+00  9.5900002E+00     3.0000000E+01   
    4.1799998E+00  9.7900000E+00     3.0000000E+01   
    3.8299999E+00  1.0060000E+01     3.0000000E+01   
    3.6800001E+00  1.0460000E+01     3.0000000E+01   
    3.4800000E+00  1.0860000E+01     3.0000000E+01   
    3.3000000E+00  1.1260000E+01     3.0000000E+01   
    3.2100000E+00  1.1660000E+01     3.0000000E+01   
    3.1800001E+00  1.2060000E+01     3.0000000E+01   
    3.2100000E+00  1.2460000E+01     3.0000000E+01   
    3.2900000E+00  1.2720000E+01     3.0000000E+01   
    8.4899998E+00  1.7500000E+00     3.0000000E+01   
    8.3699999E+00  2.1500001E+00     3.0000000E+01   
    8.2600002E+00  2.5500000E+00     3.0000000E+01   
    8.3199997E+00  2.9300001E+00     3.0000000E+01   
    8.7200003E+00  2.9700000E+00     3.0000000E+01   
    9.0299997E+00  2.6900001E+00     3.0000000E+01   
    9.2200003E+00  2.2900000E+00     3.0000000E+01   
    9.2799997E+00  2.1300001E+00     3.0000000E+01   
    9.8699999E+00  2.2300000E+00     3.0000000E+01   
    9.7100000E+00  2.6300001E+00     3.0000000E+01   
    9.4799995E+00  3.0300000E+00     3.0000000E+01   
    9.2399998E+00  3.4200001E+00     3.0000000E+01   
    8.9099998E+00  3.7800000E+00     3.0000000E+01   
    8.5100002E+00  3.9000001E+00     3.0000000E+01   
    8.1099997E+00  3.9100001E+00     3.0000000E+01   
    7.9099998E+00  4.2700000E+00     3.0000000E+01   
    7.9499998E+00  4.6700001E+00     3.0000000E+01   
    7.9499998E+00  5.0700002E+00     3.0000000E+01   
    7.8400002E+00  5.4699998E+00     3.0000000E+01   
    7.7300000E+00  5.8699999E+00     3.0000000E+01   
    7.6199999E+00  6.2700000E+00     3.0000000E+01   
    7.4899998E+00  6.6700001E+00     3.0000000E+01   
    7.2199998E+00  7.0700002E+00     3.0000000E+01   
    6.9600000E+00  7.4499998E+00     3.0000000E+01   
    6.6700001E+00  7.8299999E+00     3.0000000E+01   
    6.4899998E+00  8.2299995E+00     3.0000000E+01   
    6.2500000E+00  8.6099997E+00     3.0000000E+01   
    5.9499998E+00  9.0100002E+00     3.0000000E+01   
    5.6599998E+00  9.3999996E+00     3.0000000E+01   
    5.3000002E+00  9.7200003E+00     3.0000000E+01   
    4.9899998E+00  1.0070000E+01     3.0000000E+01   
    4.7500000E+00  1.0470000E+01     3.0000000E+01   
    4.5200000E+00  1.0860000E+01     3.0000000E+01   
    4.5100002E+00  1.1260000E+01     3.0000000E+01   
    4.5400000E+00  1.1660000E+01     3.0000000E+01   
    4.5799999E+00  1.2060000E+01     3.0000000E+01   
    4.6399999E+00  1.2430000E+01     3.0000000E+01   
    7.9000001E+00  3.0899999E+00     4.0000000E+01   
    7.7399998E+00  3.4900000E+00     4.0000000E+01   
    7.6399999E+00  3.8900001E+00     4.0000000E+01   
    7.5900002E+00  4.2900000E+00     4.0000000E+01   
    7.5700002E+00  4.6900001E+00     4.0000000E+01   
    7.5100002E+00  5.0900002E+00     4.0000000E+01   
    7.4299998E+00  5.4899998E+00     4.0000000E+01   
    7.3000002E+00  5.8899999E+00     4.0000000E+01   
    7.1999998E+00  6.2900000E+00     4.0000000E+01   
    7.0999999E+00  6.5200000E+00     4.0000000E+01   
    6.4600000E+00  1.9600000E+00     1.5000000E+01   
    6.1700001E+00  2.3299999E+00     1.5000000E+01   
    5.7800002E+00  2.5200000E+00     1.5000000E+01   
    5.4899998E+00  2.8599999E+00     1.5000000E+01   
    4.5500002E+00  3.6400001E+00     3.0000000E+01   
    4.4099998E+00  4.0400000E+00     3.0000000E+01   
    4.2399998E+00  4.4400001E+00     3.0000000E+01   
    4.1300001E+00  4.8400002E+00     3.0000000E+01   
    4.0300002E+00  5.2399998E+00     3.0000000E+01   
    3.9900000E+00  5.6399999E+00     3.0000000E+01   
    3.9400001E+00  6.0400000E+00     3.0000000E+01   
    3.9100001E+00  6.4400001E+00     3.0000000E+01   
    3.8099999E+00  6.8400002E+00     3.0000000E+01   
    3.6099999E+00  7.2300000E+00     3.0000000E+01   
    3.4200001E+00  7.6300001E+00     3.0000000E+01   
    3.2200000E+00  8.0299997E+00     3.0000000E+01   
    3.0799999E+00  8.2399998E+00     3.0000000E+01   
    9.3500004E+00  4.2399998E+00     5.0000000E+00   
    9.7200003E+00  4.5300002E+00     5.0000000E+00   
    1.0240000E+01  4.5599999E+00     5.0000000E+00   
    8.8999996E+00  4.1999998E+00     2.0000000E+01   
    8.6999998E+00  4.5000000E+00     2.0000000E+01   
    9.0500002E+00  4.6199999E+00     2.0000000E+01   
    9.4499998E+00  4.5599999E+00     2.0000000E+01   
    9.7500000E+00  4.9400001E+00     2.0000000E+01   
    1.0210000E+01  4.9200001E+00     2.0000000E+01   
    1.0240000E+01  6.2300000E+00     1.5000000E+01   
    9.8800001E+00  6.2199998E+00     1.5000000E+01   
    9.6400003E+00  5.8800001E+00     1.5000000E+01   
    9.6499996E+00  5.4800000E+00     1.5000000E+01   
    9.4200001E+00  5.1599998E+00     1.5000000E+01   
    9.0200005E+00  5.2100000E+00     1.5000000E+01   
    8.6199999E+00  5.1700001E+00     1.5000000E+01   
    8.3000002E+00  5.4699998E+00     1.5000000E+01   
    8.1000004E+00  5.8699999E+00     1.5000000E+01   
    7.9200001E+00  6.2700000E+00     1.5000000E+01   
    7.7500000E+00  6.6700001E+00     1.5000000E+01   
    7.5700002E+00  7.0700002E+00     1.5000000E+01   
    7.4099998E+00  7.4699998E+00     1.5000000E+01   
    7.2100000E+00  7.8699999E+00     1.5000000E+01   
    6.9699998E+00  8.2600002E+00     1.5000000E+01   
    6.7300000E+00  8.6499996E+00     1.5000000E+01   
    6.4000001E+00  9.0200005E+00     1.5000000E+01   
    6.0900002E+00  9.3900003E+00     1.5000000E+01   
    5.7600002E+00  9.7700005E+00     1.5000000E+01   
    5.4800000E+00  1.0150000E+01     1.5000000E+01   
    5.2199998E+00  1.0550000E+01     1.5000000E+01   
    5.0100002E+00  1.0950000E+01     1.5000000E+01   
    4.9499998E+00  1.1350000E+01     1.5000000E+01   
    4.9899998E+00  1.1750000E+01     1.5000000E+01   
    5.1799998E+00  1.2250000E+01     1.5000000E+01   
    9.4300003E+00  6.3000002E+00     5.0000000E+00   
    9.2600002E+00  5.9099998E+00     5.0000000E+00   
    9.1999998E+00  5.5100002E+00     5.0000000E+00   
    8.8400002E+00  5.6399999E+00     5.0000000E+00   
    8.5000000E+00  6.0000000E+00     5.0000000E+00   
    8.2399998E+00  6.3800001E+00     5.0000000E+00   
    8.1199999E+00  6.5500002E+00     5.0000000E+00   
    4.3400002E+00  6.1300001E+00     5.0000000E+00   
    4.7100000E+00  5.8899999E+00     5.0000000E+00   
    5.0500002E+00  5.6799998E+00     5.0000000E+00   
    5.4000001E+00  5.3600001E+00     5.0000000E+00   
    5.6999998E+00  4.9800000E+00     5.0000000E+00   
    6.0400000E+00  4.6399999E+00     5.0000000E+00   
    6.3099999E+00  4.2800002E+00     5.0000000E+00   
    6.5300002E+00  4.4499998E+00     5.0000000E+00   
    6.5999999E+00  4.8499999E+00     5.0000000E+00   
    6.5999999E+00  5.2500000E+00     5.0000000E+00   
    6.5300002E+00  5.6500001E+00     5.0000000E+00   
    6.4400001E+00  6.0500002E+00     5.0000000E+00   
    6.2900000E+00  6.4499998E+00     5.0000000E+00   
    6.1799998E+00  6.7199998E+00     5.0000000E+00   
    6.0400000E+00  6.3800001E+00     3.0000000E+00   
    6.1599998E+00  5.9800000E+00     3.0000000E+00   
    6.2700000E+00  5.5799999E+00     3.0000000E+00   
    6.3699999E+00  5.1799998E+00     3.0000000E+00   
    6.0400000E+00  5.2100000E+00     3.0000000E+00   
    5.7300000E+00  5.5700002E+00     3.0000000E+00   
    5.3800001E+00  5.8200002E+00     3.0000000E+00   
    5.2100000E+00  5.8499999E+00     3.0000000E+00   
    5.0000000E+00  5.9899998E+00     2.0000000E+00   
    5.3899999E+00  6.2199998E+00     2.0000000E+00   
    5.7500000E+00  6.4600000E+00     2.0000000E+00   
    6.0000000E+00  6.7800002E+00     2.0000000E+00   
    4.9899998E+00  8.3199997E+00     1.0000000E+01   
    4.7600002E+00  8.7100000E+00     1.0000000E+01   
    4.5000000E+00  9.1000004E+00     1.0000000E+01   
    4.1599998E+00  9.4499998E+00     1.0000000E+01   
    3.7600000E+00  9.5400000E+00     1.0000000E+01   
    3.3599999E+00  9.5100002E+00     1.0000000E+01   
    2.9600000E+00  9.4099998E+00     1.0000000E+01   
    2.5599999E+00  9.3599997E+00     1.0000000E+01   
    2.6700001E+00  9.0200005E+00     1.0000000E+01   
    3.0300000E+00  8.6499996E+00     1.0000000E+01   
    3.4200001E+00  8.3699999E+00     1.0000000E+01   
    3.7200000E+00  8.0100002E+00     1.0000000E+01   
    3.9100001E+00  7.6100001E+00     1.0000000E+01   
    4.0300002E+00  7.2100000E+00     1.0000000E+01   
    4.1199999E+00  6.8099999E+00     1.0000000E+01   
    4.1399999E+00  6.4099998E+00     1.0000000E+01   
    4.1900001E+00  6.0100002E+00     1.0000000E+01   
    4.3099999E+00  5.6100001E+00     1.0000000E+01   
    4.4000001E+00  5.2100000E+00     1.0000000E+01   
    4.5700002E+00  4.8099999E+00     1.0000000E+01   
    4.8099999E+00  4.4200001E+00     1.0000000E+01   
    4.9800000E+00  4.0200000E+00     1.0000000E+01   
    5.2500000E+00  3.6199999E+00     1.0000000E+01   
    5.5200000E+00  3.2300000E+00     1.0000000E+01   
    5.6799998E+00  3.4400001E+00     1.0000000E+01   
    5.4600000E+00  3.8399999E+00     1.0000000E+01   
    5.2199998E+00  4.2399998E+00     1.0000000E+01   
    5.4400001E+00  4.3099999E+00     1.0000000E+01   
    5.7199998E+00  3.9200001E+00     1.0000000E+01   
    6.0400000E+00  3.6099999E+00     1.0000000E+01   
    6.2700000E+00  3.2200000E+00     1.0000000E+01   
    6.4600000E+00  2.8199999E+00     1.0000000E+01   
    6.7800002E+00  2.7900000E+00     1.0000000E+01   
    6.7800002E+00  3.1900001E+00     1.0000000E+01   
    6.7600002E+00  3.5899999E+00     1.0000000E+01   
    6.7500000E+00  3.9900000E+00     1.0000000E+01   
    6.7199998E+00  4.3899999E+00     1.0000000E+01   
    6.7700000E+00  4.7900000E+00     1.0000000E+01   
    6.7700000E+00  5.1900001E+00     1.0000000E+01   
    6.7300000E+00  5.5900002E+00     1.0000000E+01   
    6.6300001E+00  5.9899998E+00     1.0000000E+01   
    6.4899998E+00  6.3899999E+00     1.0000000E+01   
    6.3499999E+00  6.7900000E+00     1.0000000E+01   
    6.2199998E+00  7.1100001E+00     1.0000000E+01   
    5.5500002E+00  8.7399998E+00     4.0000000E+01   
    5.3699999E+00  9.1400003E+00     4.0000000E+01   
    5.0799999E+00  9.5000000E+00     4.0000000E+01   
    4.7600002E+00  9.8599997E+00     4.0000000E+01   
    4.4099998E+00  1.0210000E+01     4.0000000E+01   
    4.1900001E+00  1.0610000E+01     4.0000000E+01   
    4.0700002E+00  1.1010000E+01     4.0000000E+01   
    3.9800000E+00  1.1410000E+01     4.0000000E+01   
    3.9700000E+00  1.1810000E+01     4.0000000E+01   
    3.9700000E+00  1.2210000E+01     4.0000000E+01   
    4.0000000E+00  1.2580000E+01     4.0000000E+01   
    2.7700000E+00  7.2199998E+00     2.0000000E+01   
    2.5300000E+00  7.5900002E+00     2.0000000E+01   
    2.1400001E+00  7.8600001E+00     2.0000000E+01   
    1.9000000E+00  8.2100000E+00     2.0000000E+01   
    1.7100000E+00  8.6099997E+00     2.0000000E+01   
    1.5400000E+00  9.0100002E+00     2.0000000E+01   
    1.4900000E+00  9.3000002E+00     2.0000000E+01   
    3.0200000E+00  7.5900002E+00     2.0000000E+01   
    2.8499999E+00  7.9899998E+00     2.0000000E+01   
    2.7100000E+00  8.3900003E+00     2.0000000E+01   
    2.3299999E+00  8.5100002E+00     2.0000000E+01   
    2.0899999E+00  8.8000002E+00     2.0000000E+01   
    1.9600000E+00  9.1999998E+00     2.0000000E+01   
    1.7300000E+00  9.6000004E+00     2.0000000E+01   
    1.5599999E+00  1.0000000E+01     2.0000000E+01   
    1.5900000E+00  1.0400000E+01     2.0000000E+01   
    1.6500000E+00  1.0800000E+01     2.0000000E+01   
    1.7000000E+00  1.1200000E+01     2.0000000E+01   
    1.9400001E+00  1.1540000E+01     2.0000000E+01   
    2.2000000E+00  1.1920000E+01     2.0000000E+01   
    2.1800001E+00  1.2320000E+01     2.0000000E+01   
    2.1800001E+00  1.2720000E+01     2.0000000E+01   
    2.1199999E+00  1.3040000E+01     2.0000000E+01   
    2.3599999E+00  8.9700003E+00     3.0000000E+01   
    2.2000000E+00  9.3699999E+00     3.0000000E+01   
    2.2200000E+00  9.7700005E+00     3.0000000E+01   
    2.2800000E+00  9.9899998E+00     3.0000000E+01   
    2.7600000E+00  9.8699999E+00     2.5000000E+01   
    3.1099999E+00  1.0070000E+01     2.5000000E+01   
    3.2200000E+00  1.0270000E+01     2.5000000E+01   
    2.9200001E+00  1.1360000E+01     2.0000000E+01   
    2.5200000E+00  1.1390000E+01     2.0000000E+01   
    2.1500001E+00  1.1260000E+01     2.0000000E+01   
    2.2200000E+00  1.0860000E+01     2.0000000E+01   
    2.4200001E+00  1.0470000E+01     2.0000000E+01   
    2.7600000E+00  1.0370000E+01     2.0000000E+01   
    3.0000000E+00  1.0740000E+01     2.0000000E+01   
    3.0200000E+00  1.1030000E+01     2.0000000E+01   
    2.6099999E+00  1.1900000E+01     3.0000000E+01   
    2.6099999E+00  1.2300000E+01     3.0000000E+01   
    2.6600001E+00  1.2700000E+01     3.0000000E+01   
    5.3130002E+00  1.1940000E+00     1.5000000E+01   
    5.5460000E+00  7.5000000E-01     1.5000000E+01   
       1       2     204       0      2
       1     204     126       0      2
       2       3     204       0      2
       3       4     203       0      2
       3     203     204       0      2
       4       5     202       0      2
       4     202     203       0      2
       5       6     201       0      2
       5     201     202       0      2
       6       7     200       0      2
       6     200     201       0      2
       7       8     199       0      2
       7     199     200       0      2
       8       9     199       0      2
       9      10     198       0      2
       9     198     199       0      2
      10      11     197       0      2
      10     197     198       0      2
      11      12     197       0      2
      12      13     196       0      2
      12     196     197       0      2
      13      14     196       0      2
      14      15     195       0      2
      14     195     196       0      2
      15      16     194       0      2
      15     194     195       0      2
      16      17     194       0      2
      17      18     193       0      2
      17     193     194       0      2
      18     439     193       0      2
      18      19     192       0      2
      18     192     439       0      2
      19      20     191       0      2
      19     191     192       0      2
      20      21     191       0      2
      21      22     190       0      2
      21     190     191       0      2
      22      23     190       0      2
      23     189     190       0      2
      23      24     189       0      2
      24      25     189       0      2
      25     188     189       0      2
      25      26     188       0      2
      26      27     188       0      2
      27      28     187       0      2
      27     187     188       0      2
      28      29     187       0      2
      29     186     435       0      2
      29     435     187       0      2
      29      30     186       0      2
      30     185     309       0      2
      30     309     186       0      2
      30      31     185       0      2
      31      32     184       0      2
      31     184     185       0      2
      32      33     183       0      2
      32     183     184       0      2
      33      34     183       0      2
      34      35     182       0      2
      34     182     183       0      2
      35      36     181       0      2
      35     181     182       0      2
      36      37     180       0      2
      36     180     181       0      2
      37      38     180       0      2
      38      39     179       0      2
      38     179     180       0      2
      39      40     178       0      1
      39     178     179       0      1
      40      41     168       0      1
      40     168     178       0      1
      41      42     168       0      1
      42      43     167       0      1
      42     167     168       0      1
      43      44     166       0      1
      43     166     167       0      1
      44      45     166       0      1
      45      46     165       0      1
      45     165     166       0      1
      46      47     164       0      1
      46     164     165       0      1
      47      48     163       0      1
      47     163     164       0      1
      48      49     163       0      1
      49      50     162       0      1
      49     162     163       0      1
      50      51     161       0      1
      50     161     162       0      1
      51      52     160       0      1
      51     160     161       0      1
      52      53      54       0      1
      52      54     160       0      1
      54      55     160       0      1
      55      56     169       0      1
      55     169     160       0      1
      56      57     169       0      1
      57      58     477       0      1
      57     477     169       0      1
      58      59     477       0      1
      59      60     205       0      1
      59     205     206       0      1
      59     206     477       0      1
      60      61     205       0      1
      61      62     214       0      1
      61     214     205       0      1
      62      63     218       0      1
      62     218     214       0      1
      63      64     218       0      1
      64      65     249       0      1
      64     249     218       0      1
      65      66     249       0      1
      66      67     256       0      1
      66     256     249       0      1
      67      68     256       0      1
      68      69     257       0      1
      68     257     256       0      1
      69      70     257       0      1
      70      71     258       0      1
      70     258     257       0      1
      71      72     259       0      1
      71     259     258       0      1
      72      73     259       0      1
      73      74     260       0      1
      73     260     259       0      1
      74      75     261       0      1
      74     261     260       0      1
      75      76     313       0      1
      75     313     316       0      1
      75     316     261       0      1
      76      77     313       0      1
      77     314     319       0      1
      77     319     313       0      1
      77      78     314       0      1
      78     315     314       0      1
      78      79      80       0      1
      78      80     315       0      1
      80      81     315       0      1
      81      82     321       0      1
      81     321     315       0      1
      82      83     321       0      1
      83      84     325       0      1
      83     325     321       0      1
      84      85     322       0      1
      84     322     323       0      1
      84     323     324       0      1
      84     324     325       0      1
      85      86     322       0      1
      86      87     323       0      1
      86     323     322       0      1
      87      88     347       0      1
      87     347     323       0      1
      88      89     347       0      1
      89      90     348       0      1
      89     348     347       0      1
      90      91     350       0      1
      90     350     348       0      1
      91      92     351       0      1
      91     351     350       0      1
      92      93     352       0      1
      92     352     351       0      1
      93      94     353       0      1
      93     353     352       0      1
      94      95     332       0      1
      94     332     353       0      1
      95      96     333       0      1
      95     333     332       0      1
      96      97     334       0      2
      96     334     333       0      1
      97      98     335       0      2
      97     335     334       0      2
      98      99     335       0      2
      99     100     336       0      2
      99     336     335       0      2
     100     101     337       0      2
     100     337     336       0      2
     101     102     337       0      2
     102     103     338       0      2
     102     338     337       0      2
     103     104     339       0      2
     103     339     338       0      2
     104     105     339       0      2
     105     106     340       0      2
     105     340     339       0      2
     106     107     341       0      2
     106     341     340       0      2
     107     108     341       0      2
     108     109     342       0      2
     108     342     341       0      2
     109     110     343       0      2
     109     343     342       0      2
     110     111     344       0      2
     110     344     343       0      2
     111     112     345       0      2
     111     345     344       0      2
     112     113     115       0      2
     112     115     346       0      2
     112     346     345       0      2
     113     114     115       0      2
     115     116     346       0      2
     116     117     346       0      2
     117     118     346       0      2
     118     119     285       0      2
     118     285     346       0      2
     119     120     285       0      2
     120     121     434       0      2
     120     434     285       0      2
     121     122     248       0      2
     121     248     434       0      2
     122     123     248       0      2
     123     124     475       0      2
     123     475     248       0      2
     124     125     457       0      2
     124     457     475       0      2
     125     126     204       0      2
     125     204     457       0      2
     127     128     391       0      2
     127     391     392       0      2
     127     392     159       0      2
     128     129     390       0      2
     128     390     391       0      2
     129     130     390       0      2
     130     131     389       0      2
     130     389     312       0      2
     130     312     390       0      2
     131     132     388       0      2
     131     388     389       0      2
     132     133     388       0      2
     133     134     386       0      2
     133     386     387       0      2
     133     387     388       0      2
     134     135     385       0      2
     134     385     386       0      2
     135     136     385       0      2
     136     137     384       0      2
     136     384     385       0      2
     137     383     384       0      2
     137     138     383       0      2
     138     382     383       0      2
     138     139     382       0      2
     139     140     381       0      2
     139     381     382       0      2
     140     141     380       0      2
     140     380     381       0      2
     141     142     380       0      2
     142     236     380       0      2
     142     143     236       0      2
     143     235     236       0      2
     143     144     235       0      2
     144     145     234       0      2
     144     234     235       0      2
     145     146     233       0      1
     145     233     234       0      2
     146     147     423       0      1
     146     423     233       0      1
     147     148     379       0      1
     147     379     423       0      1
     148     149     378       0      1
     148     378     379       0      1
     149     150     378       0      1
     150     151     377       0      1
     150     377     378       0      1
     151     152     376       0      1
     151     376     375       0      1
     151     375     377       0      1
     152     153     355       0      2
     152     355     376       0      1
     153     154     354       0      2
     153     354     355       0      2
     154     155     395       0      2
     154     395     354       0      2
     155     156     394       0      2
     155     394     395       0      2
     156     157     393       0      2
     156     393     394       0      2
     157     158     392       0      2
     157     392     393       0      2
     158     159     392       0      2
     160     170     161       0      1
     160     169     170       0      1
     161     171     162       0      1
     161     170     171       0      1
     162     172     163       0      1
     162     171     172       0      1
     163     173     164       0      1
     163     172     173       0      1
     164     174     165       0      1
     164     173     174       0      1
     165     175     166       0      1
     165     174     175       0      1
     166     176     167       0      1
     166     175     176       0      1
     167     177     168       0      1
     167     176     177       0      1
     168     177     178       0      1
     169     477     170       0      1
     170     476     171       0      1
     170     477     476       0      1
     171     209     172       0      1
     171     476     209       0      1
     172     209     210       0      1
     172     210     173       0      1
     173     210     211       0      1
     173     211     174       0      1
     174     211     212       0      1
     174     212     175       0      1
     175     212     213       0      1
     175     213     176       0      1
     176     300     177       0      1
     176     213     300       0      1
     177     301     178       0      1
     177     300     301       0      1
     178     302     179       0      1
     178     301     302       0      1
     179     303     180       0      2
     179     302     303       0      2
     180     304     181       0      2
     180     303     304       0      2
     181     305     182       0      2
     181     304     305       0      2
     182     306     183       0      2
     182     305     306       0      2
     183     307     184       0      2
     183     306     307       0      2
     184     308     185       0      2
     184     307     308       0      2
     185     308     309       0      2
     186     310     442       0      2
     186     442     435       0      2
     186     309     310       0      2
     187     435     188       0      2
     188     435     436       0      2
     188     436     189       0      2
     189     436     437       0      2
     189     437     190       0      2
     190     437     191       0      2
     191     438     192       0      2
     191     437     438       0      2
     192     438     439       0      2
     193     440     194       0      2
     193     439     440       0      2
     194     441     195       0      2
     194     440     441       0      2
     195     449     196       0      2
     195     441     448       0      2
     195     448     449       0      2
     196     449     197       0      2
     197     449     450       0      2
     197     450     198       0      2
     198     450     451       0      2
     198     451     199       0      2
     199     451     452       0      2
     199     452     200       0      2
     200     452     453       0      2
     200     453     201       0      2
     201     455     202       0      2
     201     453     454       0      2
     201     454     455       0      2
     202     456     203       0      2
     202     455     456       0      2
     203     457     204       0      2
     203     456     457       0      2
     205     214     206       0      1
     206     215     296       0      1
     206     296     207       0      1
     206     207     476       0      1
     206     476     477       0      1
     206     214     215       0      1
     207     296     297       0      1
     207     297     208       0      1
     207     208     476       0      1
     208     297     298       0      1
     208     298     209       0      1
     208     209     476       0      1
     209     298     210       0      1
     210     298     299       0      1
     210     299     211       0      1
     211     299     212       0      1
     212     403     213       0      1
     212     299     403       0      1
     213     403     402       0      1
     213     402     300       0      1
     214     218     215       0      1
     215     219     216       0      1
     215     216     296       0      1
     215     218     219       0      1
     216     220     217       0      1
     216     217     296       0      1
     216     219     220       0      1
     217     221     412       0      1
     217     412     297       0      1
     217     297     296       0      1
     217     220     221       0      1
     218     249     219       0      1
     219     250     220       0      1
     219     249     250       0      1
     220     251     221       0      1
     220     250     251       0      1
     221     286     222       0      1
     221     222     412       0      1
     221     251     286       0      1
     222     286     287       0      1
     222     287     223       0      1
     222     223     413       0      1
     222     413     412       0      1
     223     287     288       0      1
     223     288     224       0      1
     223     224     414       0      1
     223     414     413       0      1
     224     288     289       0      1
     224     289     225       0      1
     224     225     415       0      1
     224     415     414       0      1
     225     289     226       0      1
     225     226     416       0      1
     225     416     415       0      1
     226     290     227       0      1
     226     227     417       0      1
     226     417     416       0      1
     226     289     290       0      1
     227     291     292       0      1
     227     292     228       0      1
     227     228     418       0      1
     227     418     417       0      1
     227     290     291       0      1
     228     292     293       0      1
     228     293     229       0      1
     228     229     419       0      1
     228     419     418       0      1
     229     293     294       0      1
     229     294     230       0      1
     229     230     420       0      1
     229     420     419       0      1
     230     294     295       0      1
     230     295     231       0      1
     230     231     421       0      1
     230     421     365       0      1
     230     365     420       0      1
     231     271     232       0      1
     231     232     422       0      1
     231     422     366       0      1
     231     366     421       0      1
     231     295     271       0      1
     232     271     272       0      1
     232     272     233       0      1
     232     233     423       0      1
     232     423     422       0      1
     233     272     273       0      2
     233     273     234       0      2
     234     273     274       0      2
     234     274     235       0      2
     235     274     275       0      2
     235     275     424       0      2
     235     424     236       0      2
     236     424     237       0      2
     236     237     380       0      2
     237     425     238       0      2
     237     238     381       0      2
     237     381     380       0      2
     237     424     425       0      2
     238     426     239       0      2
     238     239     382       0      2
     238     382     381       0      2
     238     425     426       0      2
     239     427     240       0      2
     239     240     383       0      2
     239     383     382       0      2
     239     426     427       0      2
     240     427     428       0      2
     240     428     241       0      2
     240     241     384       0      2
     240     384     383       0      2
     241     428     429       0      2
     241     429     242       0      2
     241     242     464       0      2
     241     464     463       0      2
     241     463     385       0      2
     241     385     384       0      2
     242     429     430       0      2
     242     430     243       0      2
     242     243     464       0      2
     243     430     431       0      2
     243     431     244       0      2
     243     244     472       0      2
     243     472     471       0      2
     243     471     464       0      2
     244     431     245       0      2
     244     245     465       0      2
     244     465     472       0      2
     245     432     246       0      2
     245     246     473       0      2
     245     473     465       0      2
     245     431     432       0      2
     246     433     247       0      2
     246     247     474       0      2
     246     474     473       0      2
     246     432     433       0      2
     247     434     248       0      2
     247     248     475       0      2
     247     475     474       0      2
     247     433     434       0      2
     249     256     255       0      1
     249     255     250       0      1
     250     255     254       0      1
     250     254     251       0      1
     251     254     253       0      1
     251     253     252       0      1
     251     252     286       0      1
     252     253     262       0      1
     252     262     263       0      1
     252     263     286       0      1
     253     260     261       0      1
     253     261     262       0      1
     253     254     260       0      1
     254     259     260       0      1
     254     255     258       0      1
     254     258     259       0      1
     255     256     257       0      1
     255     257     258       0      1
     261     316     262       0      1
     262     316     317       0      1
     262     317     264       0      1
     262     264     263       0      1
     263     264     288       0      1
     263     288     287       0      1
     263     287     286       0      1
     264     317     265       0      1
     264     265     289       0      1
     264     289     288       0      1
     265     328     266       0      1
     265     266     290       0      1
     265     290     289       0      1
     265     317     328       0      1
     266     328     329       0      1
     266     329     267       0      1
     266     267     291       0      1
     266     291     290       0      1
     267     329     330       0      1
     267     330     268       0      1
     267     268     292       0      1
     267     292     291       0      1
     268     330     331       0      1
     268     331     269       0      1
     268     269     293       0      1
     268     293     292       0      1
     269     331     332       0      1
     269     332     270       0      1
     269     270     294       0      1
     269     294     293       0      1
     270     332     333       0      1
     270     333     271       0      1
     270     271     295       0      1
     270     295     294       0      1
     271     333     334       0      1
     271     334     272       0      1
     272     334     335       0      2
     272     335     273       0      2
     273     335     336       0      2
     273     336     274       0      2
     274     336     337       0      2
     274     337     275       0      2
     275     337     338       0      2
     275     338     276       0      2
     275     276     424       0      2
     276     338     339       0      2
     276     339     277       0      2
     276     277     425       0      2
     276     425     424       0      2
     277     340     278       0      2
     277     278     425       0      2
     277     339     340       0      2
     278     340     341       0      2
     278     341     279       0      2
     278     279     427       0      2
     278     427     426       0      2
     278     426     425       0      2
     279     341     342       0      2
     279     342     280       0      2
     279     280     428       0      2
     279     428     427       0      2
     280     342     343       0      2
     280     343     281       0      2
     280     281     429       0      2
     280     429     428       0      2
     281     343     282       0      2
     281     282     430       0      2
     281     430     429       0      2
     282     344     283       0      2
     282     283     431       0      2
     282     431     430       0      2
     282     343     344       0      2
     283     345     284       0      2
     283     284     432       0      2
     283     432     431       0      2
     283     344     345       0      2
     284     346     285       0      2
     284     285     433       0      2
     284     433     432       0      2
     284     345     346       0      2
     285     434     433       0      2
     297     412     411       0      1
     297     411     298       0      1
     298     411     410       0      1
     298     410     299       0      1
     299     410     403       0      1
     300     401     301       0      1
     300     402     401       0      1
     301     400     302       0      1
     301     401     400       0      1
     302     399     303       0      2
     302     400     399       0      1
     303     398     304       0      2
     303     399     398       0      2
     304     397     305       0      2
     304     398     397       0      2
     305     396     306       0      2
     305     397     396       0      2
     306     395     307       0      2
     306     396     395       0      2
     307     394     308       0      2
     307     395     394       0      2
     308     393     309       0      2
     308     394     393       0      2
     309     392     310       0      2
     309     393     392       0      2
     310     391     311       0      2
     310     311     442       0      2
     310     392     391       0      2
     311     390     312       0      2
     311     312     443       0      2
     311     443     442       0      2
     311     391     390       0      2
     312     389     444       0      2
     312     444     443       0      2
     313     319     318       0      1
     313     318     316       0      1
     314     315     320       0      1
     314     320     319       0      1
     315     321     320       0      1
     316     318     317       0      1
     317     318     328       0      1
     318     326     327       0      1
     318     327     328       0      1
     318     319     326       0      1
     319     320     326       0      1
     320     325     326       0      1
     320     321     325       0      1
     323     347     324       0      1
     324     347     348       0      1
     324     348     349       0      1
     324     349     325       0      1
     325     349     326       0      1
     326     349     327       0      1
     327     349     350       0      1
     327     350     328       0      1
     328     350     329       0      1
     329     350     351       0      1
     329     351     330       0      1
     330     351     352       0      1
     330     352     331       0      1
     331     352     353       0      1
     331     353     332       0      1
     348     350     349       0      1
     354     395     396       0      2
     354     396     397       0      2
     354     397     355       0      2
     355     397     398       0      2
     355     398     356       0      2
     355     356     376       0      1
     356     374     375       0      1
     356     375     376       0      1
     356     398     399       0      2
     356     399     357       0      1
     356     357     374       0      1
     357     373     374       0      1
     357     399     400       0      1
     357     400     358       0      1
     357     358     373       0      1
     358     372     373       0      1
     358     400     407       0      1
     358     407     359       0      1
     358     359     372       0      1
     359     362     371       0      1
     359     371     372       0      1
     359     407     408       0      1
     359     408     360       0      1
     359     360     361       0      1
     359     361     362       0      1
     360     416     361       0      1
     360     408     409       0      1
     360     409     415       0      1
     360     415     416       0      1
     361     417     362       0      1
     361     416     417       0      1
     362     418     363       0      1
     362     363     371       0      1
     362     417     418       0      1
     363     419     364       0      1
     363     364     370       0      1
     363     370     371       0      1
     363     418     419       0      1
     364     420     365       0      1
     364     365     369       0      1
     364     369     370       0      1
     364     419     420       0      1
     365     421     366       0      1
     365     366     369       0      1
     366     422     367       0      1
     366     367     368       0      1
     366     368     369       0      1
     367     422     423       0      1
     367     423     379       0      1
     367     379     368       0      1
     368     379     378       0      1
     368     378     369       0      1
     369     378     377       0      1
     369     377     374       0      1
     369     374     373       0      1
     369     373     370       0      1
     370     373     372       0      1
     370     372     371       0      1
     374     377     375       0      1
     385     463     386       0      2
     386     463     462       0      2
     386     462     387       0      2
     387     462     460       0      2
     387     460     459       0      2
     387     459     458       0      2
     387     458     388       0      2
     388     458     445       0      2
     388     445     444       0      2
     388     444     389       0      2
     400     401     406       0      1
     400     406     407       0      1
     401     402     405       0      1
     401     405     406       0      1
     402     403     404       0      1
     402     404     405       0      1
     403     410     404       0      1
     404     409     408       0      1
     404     408     405       0      1
     404     410     409       0      1
     405     408     407       0      1
     405     407     406       0      1
     409     410     414       0      1
     409     414     415       0      1
     410     411     413       0      1
     410     413     414       0      1
     411     412     413       0      1
     435     442     436       0      2
     436     442     443       0      2
     436     443     437       0      2
     437     443     444       0      2
     437     444     445       0      2
     437     445     438       0      2
     438     445     446       0      2
     438     446     439       0      2
     439     446     440       0      2
     440     447     441       0      2
     440     446     447       0      2
     441     447     448       0      2
     445     458     446       0      2
     446     458     447       0      2
     447     459     448       0      2
     447     458     459       0      2
     448     460     449       0      2
     448     459     460       0      2
     449     460     461       0      2
     449     461     450       0      2
     450     469     468       0      2
     450     468     451       0      2
     450     461     469       0      2
     451     468     452       0      2
     452     467     453       0      2
     452     468     467       0      2
     453     467     466       0      2
     453     466     454       0      2
     454     474     455       0      2
     454     466     473       0      2
     454     473     474       0      2
     455     474     456       0      2
     456     474     475       0      2
     456     475     457       0      2
     460     462     461       0      2
     461     470     469       0      2
     461     462     470       0      2
     462     463     470       0      2
     463     464     470       0      2
     464     471     470       0      2
     465     473     466       0      2
     465     466     472       0      2
     466     467     468       0      2
     466     468     472       0      2
     468     469     471       0      2
     468     471     472       0      2
     469     470     471       0      2
